/Users/ecolban/.local/share/virtualenvs/Codewars-oUP0yyoA/bin/python -X pycache_prefix=/Users/ecolban/Library/Caches/JetBrains/PyCharmCE2024.1/cpython-cache /Applications/PyCharm CE.app/Contents/plugins/python-ce/helpers/pydev/pydevd.py --multiprocess --qt-support=auto --client 127.0.0.1 --port 56022 --file /Users/ecolban/projects/Codewars/python_code/src/set_closure.py
Connected to pydev debugger (build 241.18034.82)
   1000: 0.47650 0.70080 0.40088 0.49950
   2000: 0.48325 0.69505 0.49689 0.27145
   3000: 0.48633 0.73350 0.54886 0.21317
   4000: 0.48812 0.71937 0.59494 0.19327
   5000: 0.48940 0.72362 0.64765 0.18912
   6000: 0.49033 0.73203 0.60094 0.19215
   7000: 0.49100 0.74317 0.56414 0.19895
   8000: 0.49156 0.75692 0.54382 0.20893
   9000: 0.49206 0.74814 0.53106 0.22165
  10000: 0.49245 0.74603 0.52620 0.23484
  11000: 0.49282 0.74625 0.52386 0.24995
  12000: 0.49312 0.74754 0.52262 0.26489
  13000: 0.49338 0.74958 0.52121 0.27661
  14000: 0.49361 0.75229 0.52005 0.28527
  15000: 0.49383 0.75545 0.51912 0.29034
  16000: 0.49403 0.75899 0.51977 0.29610
  17000: 0.49421 0.76309 0.52103 0.30413
  18000: 0.49436 0.76753 0.52338 0.30972
  19000: 0.49453 0.77233 0.52624 0.31231
  20000: 0.49465 0.77150 0.52898 0.31445
  21000: 0.49479 0.76870 0.53163 0.31580
  22000: 0.49491 0.76725 0.53466 0.31858
  23000: 0.49502 0.76633 0.53774 0.32124
  24000: 0.49512 0.76583 0.54109 0.32536
  25000: 0.49522 0.76577 0.54402 0.32839
  26000: 0.49531 0.76596 0.54723 0.33074
  27000: 0.49539 0.76634 0.55010 0.33234
  28000: 0.49548 0.76678 0.55266 0.33381
  29000: 0.49555 0.76744 0.55565 0.33566
  30000: 0.49563 0.76827 0.55828 0.33810
  31000: 0.49569 0.76921 0.56117 0.34124
  32000: 0.49577 0.77023 0.56373 0.34459
  33000: 0.49583 0.77129 0.56665 0.34866
  34000: 0.49590 0.77250 0.56933 0.35152
  35000: 0.49596 0.77374 0.57169 0.35290
  36000: 0.49601 0.77511 0.57411 0.35362
  37000: 0.49607 0.77656 0.57617 0.35311
  38000: 0.49612 0.77811 0.57822 0.35305
  39000: 0.49617 0.77971 0.58009 0.35276
  40000: 0.49621 0.78140 0.58202 0.35292
  41000: 0.49626 0.78312 0.58399 0.35340
  42000: 0.49630 0.78491 0.58582 0.35403
  43000: 0.49635 0.78678 0.58751 0.35494
  44000: 0.49639 0.78795 0.58932 0.35605
  45000: 0.49642 0.78595 0.59101 0.35738
  46000: 0.49647 0.78472 0.59279 0.35879
  47000: 0.49650 0.78381 0.59464 0.36031
  48000: 0.49654 0.78305 0.59628 0.36187
  49000: 0.49657 0.78252 0.59798 0.36340
  50000: 0.49661 0.78211 0.59979 0.36482
  51000: 0.49665 0.78179 0.60141 0.36629
  52000: 0.49667 0.78151 0.60306 0.36780
  53000: 0.49671 0.78135 0.60466 0.36974
  54000: 0.49674 0.78127 0.60632 0.37096
  55000: 0.49676 0.78118 0.60782 0.37261
  56000: 0.49679 0.78125 0.60949 0.37429
  57000: 0.49682 0.78131 0.61105 0.37607
  58000: 0.49685 0.78140 0.61258 0.37785
  59000: 0.49688 0.78154 0.61412 0.37975
  60000: 0.49690 0.78170 0.61563 0.38146
  61000: 0.49693 0.78192 0.61721 0.38344
  62000: 0.49695 0.78215 0.61869 0.38520
  63000: 0.49698 0.78241 0.62023 0.38725
  64000: 0.49700 0.78271 0.62165 0.38922
  65000: 0.49702 0.78303 0.62307 0.39102
  66000: 0.49705 0.78338 0.62442 0.39267
  67000: 0.49707 0.78375 0.62580 0.39463
  68000: 0.49709 0.78413 0.62725 0.39635
  69000: 0.49711 0.78455 0.62857 0.39811
  70000: 0.49714 0.78499 0.62990 0.39989
  71000: 0.49715 0.78540 0.63120 0.40157
  72000: 0.49717 0.78589 0.63247 0.40303
  73000: 0.49719 0.78636 0.63374 0.40460
  74000: 0.49721 0.78687 0.63507 0.40597
  75000: 0.49723 0.78742 0.63634 0.40725
  76000: 0.49725 0.78795 0.63764 0.40835
  77000: 0.49727 0.78851 0.63899 0.40953
  78000: 0.49728 0.78910 0.64033 0.41088
  79000: 0.49730 0.78970 0.64164 0.41219
  80000: 0.49732 0.79032 0.64305 0.41340
  81000: 0.49733 0.79095 0.64447 0.41467
  82000: 0.49735 0.79161 0.64587 0.41600
  83000: 0.49737 0.79228 0.64718 0.41732
  84000: 0.49738 0.79294 0.64850 0.41851
  85000: 0.49740 0.79363 0.64981 0.41992
  86000: 0.49741 0.79434 0.65114 0.42131
  87000: 0.49743 0.79505 0.65235 0.42255
  88000: 0.49744 0.79576 0.65359 0.42372
  89000: 0.49746 0.79651 0.65482 0.42506
  90000: 0.49747 0.79726 0.65611 0.42617
  91000: 0.49748 0.79800 0.65733 0.42734
  92000: 0.49750 0.79868 0.65854 0.42866
  93000: 0.49751 0.79894 0.65980 0.42992
  94000: 0.49753 0.79813 0.66100 0.43099
  95000: 0.49754 0.79747 0.66221 0.43197
  96000: 0.49755 0.79691 0.66343 0.43328
  97000: 0.49756 0.79643 0.66461 0.43426
  98000: 0.49758 0.79602 0.66585 0.43519
  99000: 0.49759 0.79568 0.66704 0.43623
 100000: 0.49760 0.79537 0.66822 0.43726
 101000: 0.49761 0.79508 0.66940 0.43834
 102000: 0.49762 0.79481 0.67054 0.43938
 103000: 0.49764 0.79460 0.67171 0.44032
 104000: 0.49764 0.79442 0.67277 0.44120
 105000: 0.49766 0.79425 0.67392 0.44225
 106000: 0.49767 0.79410 0.67501 0.44325
 107000: 0.49768 0.79396 0.67609 0.44412
 108000: 0.49769 0.79386 0.67711 0.44518
 109000: 0.49770 0.79378 0.67810 0.44615
 110000: 0.49771 0.79369 0.67905 0.44730
 111000: 0.49772 0.79362 0.67997 0.44837
 112000: 0.49773 0.79355 0.68082 0.44931
 113000: 0.49774 0.79354 0.68173 0.45036
 114000: 0.49775 0.79353 0.68258 0.45148
 115000: 0.49776 0.79350 0.68340 0.45246
 116000: 0.49777 0.79352 0.68420 0.45334
 117000: 0.49778 0.79355 0.68503 0.45431
 118000: 0.49779 0.79356 0.68583 0.45513
 119000: 0.49780 0.79360 0.68664 0.45606
 120000: 0.49781 0.79362 0.68735 0.45682
 121000: 0.49782 0.79369 0.68811 0.45735
 122000: 0.49783 0.79372 0.68884 0.45807
 123000: 0.49783 0.79381 0.68963 0.45870
 124000: 0.49784 0.79388 0.69035 0.45928
 125000: 0.49785 0.79394 0.69107 0.45976
 126000: 0.49786 0.79402 0.69183 0.46007
 127000: 0.49787 0.79412 0.69262 0.46043
 128000: 0.49788 0.79422 0.69335 0.46087
 129000: 0.49789 0.79434 0.69411 0.46128
 130000: 0.49789 0.79446 0.69489 0.46184
 131000: 0.49790 0.79458 0.69569 0.46230
 132000: 0.49791 0.79470 0.69644 0.46273
 133000: 0.49792 0.79485 0.69720 0.46331
 134000: 0.49793 0.79498 0.69800 0.46378
 135000: 0.49793 0.79513 0.69879 0.46435
 136000: 0.49794 0.79527 0.69961 0.46487
 137000: 0.49795 0.79545 0.70041 0.46531
 138000: 0.49796 0.79562 0.70122 0.46596
 139000: 0.49796 0.79578 0.70208 0.46659
 140000: 0.49797 0.79597 0.70293 0.46712
 141000: 0.49798 0.79614 0.70376 0.46768
 142000: 0.49799 0.79632 0.70461 0.46834
 143000: 0.49799 0.79652 0.70550 0.46892
 144000: 0.49800 0.79671 0.70641 0.46965
 145000: 0.49801 0.79688 0.70728 0.47031
 146000: 0.49801 0.79710 0.70814 0.47079
 147000: 0.49802 0.79731 0.70905 0.47141
 148000: 0.49803 0.79753 0.70996 0.47204
 149000: 0.49803 0.79773 0.71086 0.47276
 150000: 0.49804 0.79795 0.71175 0.47337
 151000: 0.49805 0.79818 0.71266 0.47395
 152000: 0.49805 0.79840 0.71362 0.47458
 153000: 0.49806 0.79865 0.71460 0.47518
 154000: 0.49806 0.79889 0.71554 0.47586
 155000: 0.49807 0.79913 0.71650 0.47649
 156000: 0.49808 0.79937 0.71748 0.47717
 157000: 0.49808 0.79963 0.71848 0.47767
 158000: 0.49809 0.79988 0.71947 0.47826
 159000: 0.49809 0.80013 0.72041 0.47888
 160000: 0.49810 0.80041 0.72140 0.47952
 161000: 0.49811 0.80068 0.72241 0.48010
 162000: 0.49811 0.80095 0.72340 0.48072
 163000: 0.49812 0.80122 0.72437 0.48130
 164000: 0.49812 0.80151 0.72538 0.48182
 165000: 0.49813 0.80179 0.72643 0.48235
 166000: 0.49814 0.80207 0.72747 0.48295
 167000: 0.49814 0.80236 0.72855 0.48359
 168000: 0.49815 0.80266 0.72966 0.48414
 169000: 0.49815 0.80295 0.73076 0.48478
 170000: 0.49816 0.80325 0.73185 0.48533
 171000: 0.49816 0.80355 0.73296 0.48593
 172000: 0.49817 0.80385 0.73408 0.48656
 173000: 0.49817 0.80416 0.73523 0.48723
 174000: 0.49818 0.80447 0.73641 0.48786
 175000: 0.49818 0.80477 0.73763 0.48848
 176000: 0.49819 0.80509 0.73887 0.48925
 177000: 0.49819 0.80541 0.73947 0.48997
 178000: 0.49820 0.80572 0.73675 0.49071
 179000: 0.49820 0.80604 0.73434 0.49136
 180000: 0.49821 0.80636 0.73209 0.49206
 181000: 0.49822 0.80666 0.73000 0.49280
 182000: 0.49822 0.80697 0.72799 0.49350
 183000: 0.49822 0.80727 0.72615 0.49424
 184000: 0.49823 0.80752 0.72439 0.49502
 185000: 0.49823 0.80775 0.72278 0.49573
 186000: 0.49824 0.80786 0.72113 0.49646
 187000: 0.49824 0.80776 0.71958 0.49709
 188000: 0.49825 0.80747 0.71803 0.49777
 189000: 0.49825 0.80715 0.71654 0.49850
 190000: 0.49826 0.80688 0.71505 0.49924
 191000: 0.49826 0.80663 0.71357 0.50000
 192000: 0.49827 0.80640 0.71212 0.50066
 193000: 0.49827 0.80618 0.71072 0.50128
 194000: 0.49828 0.80597 0.70932 0.50195
 195000: 0.49828 0.80579 0.70800 0.50261
 196000: 0.49828 0.80563 0.70668 0.50330
 197000: 0.49829 0.80545 0.70545 0.50393
 198000: 0.49829 0.80531 0.70422 0.50460
 199000: 0.49830 0.80517 0.70307 0.50528
 200000: 0.49830 0.80503 0.70190 0.50586

Process finished with exit code 0
